Folder	Filename	nInterval	Label_interval	F0	F1	F2	F3	F4	Start_point	Duration_ms	Intensity_dB
	bacho_voiced_f_928_2	2	vowel	176	811	1305	2964	3517	2.236256439077863	78	77
	bacho_voiced_m_198_1	2	vowel	123	571	1277	2456	3057	2.2084885870854927	116	79
	baso_voiced_f_007	2	vowel	140	786	1239	2413	3338	2.1352111672379723	114	80
	baso_voiced_f_863	2	vowel	160	984	1519	2763	3953	2.2307495974068	95	76
	baso_voiced_f_928	2	vowel	176	708	1179	2163	3101	2.295602522494496	73	80
	baso_voiced_m_198	2	vowel	122	575	1189	2421	3394	2.2187323025843564	113	78
	baso_voiced_m_355_1	2	vowel	153	789	1251	2745	3331	2.191110452692177	56	80
	baso_voiced_m_377	2	vowel	88	725	1101	2592	3589	2.2581004351153364	128	73
	belo_voiced_f_928	2	vowel	212	453	2169	2853	3751	2.2203506556384696	106	76
	belo_voiced_m_198_2	2	vowel	129	429	1652	2278	3166	2.230858621566217	119	75
	beno_voiced_f_007	2	vowel	136	480	2043	2571	4139	2.2459245549658347	95	75
	beno_voiced_f_863_2	2	vowel	170	424	2070	2784	3887	2.243088569256793	137	76
	beno_voiced_f_928_1	2	vowel	196	402	2244	2459	3325	2.2774153221837947	100	77
	beno_voiced_m_198	2	vowel	125	418	1721	2357	3233	2.229321765682119	131	75
	beno_voiced_m_355_2	2	vowel	159	517	2042	2575	3497	2.2031719865498656	121	76
	beno_voiced_m_377_1	2	vowel	100	389	1943	2592	3357	2.273557307230814	130	79
	bicho_voiced_f_928	2	vowel	219	263	2533	3138	4172	2.1929594303242315	107	77
	bicho_voiced_m_198	2	vowel	135	299	2086	2741	3372	2.227773844668762	87	77
	bimo_voiced_f_007	2	vowel	152	326	2356	2836	3907	2.2240218793913544	122	74
	bimo_voiced_f_863	2	vowel	178	331	2600	2997	3795	2.261261915949617	102	75
	bimo_voiced_f_928	2	vowel	227	310	2531	3074	3667	2.308667962907131	86	75
	bimo_voiced_m_198	2	vowel	130	285	1920	2630	3362	2.2269330315326483	121	74
	bimo_voiced_m_355_1	2	vowel	168	324	2376	2821	3379	2.210887470373927	115	75
	bimo_voiced_m_377_1	2	vowel	95	218	2274	3125	3344	2.2465303808677723	139	77
	bolo_voiced_f_928	2	vowel	200	413	1047	2734	3272	2.2962966169132173	103	77
	bolo_voiced_m_198	2	vowel	129	430	854	2377	3053	2.236160309714916	113	75
	bono_voiced_f_007	2	vowel	155	471	858	2578	3383	2.238207556528709	108	78
	bono_voiced_f_863	2	vowel	160	414	1005	2837	3757	2.2622595730334663	110	76
	bono_voiced_f_928	2	vowel	206	449	1002	2891	3348	2.266919913226683	86	79
	bono_voiced_m_198	2	vowel	125	402	940	2368	3078	2.2294395138973777	132	75
	bono_voiced_m_355_1	2	vowel	156	545	1000	2805	3690	2.2487258792378078	131	77
	bono_voiced_m_377_1	2	vowel	95	406	779	2695	3182	2.2919351340618603	115	80
	bumo_voiced_f_928	2	vowel	225	419	822	3092	3441	2.3923764334638054	87	75
	bumo_voiced_m_198	2	vowel	134	376	912	2160	2667	2.238372095623985	133	76
	buso_voiced_f_007	2	vowel	144	261	824	2843	3749	2.176239681948844	133	73
	buso_voiced_f_863	2	vowel	169	332	895	2779	3831	2.21614293651959	100	75
	buso_voiced_f_928	2	vowel	228	410	818	3080	3866	2.4465528905801612	105	77
	buso_voiced_m_198	2	vowel	134	357	746	2144	2737	2.234401808401027	111	75
	buso_voiced_m_355_1	2	vowel	168	344	889	2757	3418	2.2225731649601776	87	79
	buso_voiced_m_377	2	vowel	98	343	677	2531	2838	2.285253261675207	99	73
	pacho_voiceless_f_928	2	vowel	208	770	1282	1944	3247	2.3076561545602665	105	77
	pacho_voiceless_m_198	2	vowel	133	663	1311	2391	3017	2.146402914935283	98	73
	paso_voiceless_f_007_1	2	vowel	143	778	1295	2335	3429	2.1335854966545735	138	78
	paso_voiceless_f_863_1	2	vowel	169	843	1358	2761	3801	2.130169784874226	118	76
	paso_voiceless_f_928_1	2	vowel	196	857	1415	3074	3809	2.138068549857084	106	77
	paso_voiceless_m_198_1	2	vowel	129	629	1245	2451	3125	2.145598759177108	119	78
	paso_voiceless_m_355	2	vowel	153	794	1279	2652	3730	2.136294133408942	82	80
	paso_voiceless_m_377	2	vowel	94	743	1205	2565	3627	2.1358316423147983	89	80
	pelo_voiceless_f_928	2	vowel	195	397	2287	2697	3559	2.607061848763345	92	80
	pelo_voiceless_m_198	2	vowel	126	408	1743	2390	3258	2.143312172819255	114	73
	peno_voiceless_f_007	2	vowel	148	494	2037	2524	3358	2.144154739970453	117	75
	peno_voiceless_f_863	2	vowel	169	421	2335	2979	4159	2.142170645318227	121	74
	peno_voiceless_f_928_2	2	vowel	193	424	2267	2945	4087	2.132371788639446	109	73
	peno_voiceless_m_198	2	vowel	134	415	1833	2380	2861	2.1465930664970405	121	74
	peno_voiceless_m_355_1	2	vowel	161	502	1984	2575	3501	2.149231809550107	109	77
	peno_voiceless_m_377	2	vowel	93	421	2050	2567	3556	2.1311098729295637	113	80
	picho_voiceless_f_928	2	vowel	214	270	2620	3005	4319	2.426158773691512	128	73
	picho_voiceless_m_198_1	2	vowel	135	289	2036	2725	3350	2.146728854944433	85	77
	pimo_voiceless_f_007	2	vowel	145	325	2355	2692	3602	2.128975018501491	99	71
	pimo_voiceless_f_863	2	vowel	182	339	2561	3212	3969	2.133083415748465	123	75
	pimo_voiceless_f_928	2	vowel	213	397	2476	2803	3804	2.1383001295609736	89	74
	pimo_voiceless_m_198_1	2	vowel	129	304	2071	2683	3376	2.1418969495611355	123	74
	pimo_voiceless_m_355	2	vowel	173	336	2373	3165	3405	2.143482288406249	123	75
	pimo_voiceless_m_377	2	vowel	101	260	2342	2832	3264	2.1715572016919475	118	79
	polo_voiceless_f_928_1	2	vowel	210	484	1013	2900	3406	2.1332400902695903	95	76
	polo_voiceless_m_198_1	2	vowel	128	442	845	2328	3037	2.154444555572358	119	73
	pono_voiceless_f_007_2	2	vowel	138	481	966	2715	4128	2.1341776202378386	94	76
	pono_voiceless_f_863_2	2	vowel	171	416	985	2834	3721	2.131968600907939	140	74
	pono_voiceless_f_928	2	vowel	202	447	1001	2984	3442	2.351010212247496	111	77
	pono_voiceless_m_198_2	2	vowel	124	429	878	2270	2984	2.14721376539173	134	74
	pono_voiceless_m_355	2	vowel	159	537	973	2846	3724	2.1470886381564465	119	76
	pono_voiceless_m_377	2	vowel	96	426	830	2641	3205	2.145579185842523	128	77
	pumo_voiceless_f_928	2	vowel	219	391	1031	3038	3508	2.138781804438672	85	74
	pumo_voiceless_m_198_1	2	vowel	134	363	748	2360	3082	2.152560484395038	76	77
	puso_voiceless_f_007	2	vowel	152	358	880	2729	3791	2.1632674073341684	94	75
	puso_voiceless_f_863_1	2	vowel	173	338	891	2771	3821	2.1231526844188724	131	75
	puso_voiceless_f_928	2	vowel	235	407	979	2830	3503	2.1388020980275466	88	78
	puso_voiceless_m_198_1	2	vowel	136	364	822	1950	2701	2.147645227030607	128	77
	puso_voiceless_m_355	2	vowel	165	331	832	2792	3538	2.1381970687113983	102	77
	puso_voiceless_m_377	2	vowel	104	278	735	2568	3302	2.148654925452508	91	78
